0 -0.55033 3.49677e-05 -0.650003 1 0 0 2.88339e-05
0 -0.211174 0.00920986 -0.627526 0.999955 0 0 -0.00943869
0 0.232711 -0.00433985 -0.613038 0.999737 0 0 -0.022936
0 0.670228 -0.0156605 -0.612794 0.999788 0 0 -0.0206117
0 1.17219 -0.0279136 -0.606486 0.998319 0 0 -0.0579569
0 1.65186 -0.105618 -0.618829 0.991837 0 0 -0.127515
0 2.15242 -0.234042 -0.61666 0.979315 0 0 -0.20234
0 2.6451 -0.466652 -0.608601 0.960012 0 0 -0.279957
0 2.90598 -0.640361 -0.604324 0.949999 0 0 -0.312254
0 2.63108 -0.421701 -0.608932 0.935939 0 0 -0.352162
0 2.42205 -0.176352 -0.588135 0.9189 0 0 -0.394491
0 2.75805 -0.52846 -0.602927 0.88903 0 0 -0.45785
0 3.04749 -0.979209 -0.595367 0.849684 0 0 -0.527293
0 3.26763 -1.46091 -0.607649 0.803929 0 0 -0.594726
0 3.41971 -1.99681 -0.627613 0.752766 0 0 -0.658289
0 3.4776 -2.53638 -0.603155 0.711905 0 0 -0.702276
0 3.49229 -3.08646 -0.647168 0.697179 0 0 -0.716897
0 3.46914 -3.6225 -0.618532 0.641279 0 0 -0.767307
0 3.36251 -4.14601 -0.591691 0.614303 0 0 -0.78907
0 3.22639 -4.67101 -0.614209 0.625005 0 0 -0.78062
0 3.12536 -5.18716 -0.598593 0.596464 0 0 -0.80264
0 2.94368 -5.71103 -0.598598 0.530151 0 0 -0.847903
0 2.70277 -6.19338 -0.591411 0.459328 0 0 -0.888267
0 2.36764 -6.62862 -0.572937 0.389288 0 0 -0.921116
0 1.98311 -7.00368 -0.57118 0.313862 0 0 -0.949469
0 1.54371 -7.31069 -0.582129 0.238532 0 0 -0.971135
0 1.06298 -7.55154 -0.575433 0.160892 0 0 -0.986972
0 0.542649 -7.72379 -0.587747 0.0823219 0 0 -0.996606
0 0.0664213 -7.76875 -0.575313 0.0127122 0 0 -0.999919
0 0.405256 -7.79277 -0.581552 0.0290435 0 0 0.999578
0 0.950233 -7.87452 -0.576408 0.0991553 0 0 0.995072
0 0.542119 -7.78849 -0.581556 0.187399 0 0 0.982284
0 0.030252 -7.56946 -0.589553 0.268261 0 0 0.963346
0 -0.41506 -7.26788 -0.607325 0.344511 0 0 0.938782
0 -0.833177 -6.90622 -0.616649 0.41768 0 0 0.908594
0 -1.15544 -6.49095 -0.642621 0.488718 0 0 0.872442
0 -1.43138 -6.0282 -0.65594 0.557196 0 0 0.830381
0 -1.63876 -5.52782 -0.661017 0.620819 0 0 0.783954
0 -1.73735 -4.99567 -0.688351 0.681716 0 0 0.731617
0 -1.76692 -4.47429 -0.681955 0.737736 0 0 0.675089
0 -1.70263 -3.94467 -0.710556 0.788966 0 0 0.614437
0 -1.55798 -3.44144 -0.742063 0.827671 0 0 0.561214
0 -1.35301 -2.94282 -0.760857 0.867559 0 0 0.497334
0 -1.62547 -3.2897 -0.737568 0.910725 0 0 0.413013
0 -1.43545 -3.03918 -0.744382 0.932928 0 0 0.360063
0 -1.02969 -2.68754 -0.75031 0.958508 0 0 0.285065
0 -0.592837 -2.4137 -0.719025 0.97356 0 0 0.228429
0 -0.166325 -2.19393 -0.722116 0.960732 0 0 0.277479
0 0.242894 -1.92609 -0.73883 0.94058 0 0 0.339573
0 0.63169 -1.60639 -0.786363 0.916459 0 0 0.400129
0 0.951299 -1.22131 -0.765816 0.888548 0 0 0.458784
0 1.16733 -0.894565 -0.705192 0.898466 0 0 0.439043
0 1.38351 -0.660543 -0.682764 0.918912 0 0 0.394462
0 1.15299 -0.872421 -0.654126 0.931893 0 0 0.362733
0 1.44862 -0.572948 -0.622789 0.95082 0 0 0.309744
0 1.8736 -0.287937 -0.594771 0.970846 0 0 0.239703
0 1.52057 -0.47095 -0.558026 0.979141 0 0 0.203183
0 1.97862 -0.263149 -0.52566 0.990052 0 0 0.140702
0 1.42276 -0.296959 -0.475998 0.99968 0 0 0.0253089
0 0.881752 -0.276617 -0.459606 0.998973 0 0 -0.0453109
0 0.377982 -0.154641 -0.438868 0.993088 0 0 -0.117375
0 0.651416 -0.255108 -0.368369 0.991105 0 0 -0.133081
0 0.301857 -0.205462 -0.344902 0.995731 0 0 -0.0923
0 -0.193303 -0.159192 -0.320354 0.999807 0 0 -0.0196372
0 -0.152779 -0.152494 -0.0169806 0.999993 0 0 0.00372118
