0 -0.546135 -0.0187116 -0.650021 1 0 0 -0.000409461
0 -0.0195817 -0.0300206 -0.655276 0.999736 0 0 0.0229888
0 0.492833 0.013991 -0.66973 0.999351 0 0 0.0360145
0 0.996029 0.0218875 -0.658617 0.998203 0 0 0.0599238
0 1.52709 0.129686 -0.664756 0.997934 0 0 0.064253
0 2.04477 0.158532 -0.664904 0.997667 0 0 0.0682657
0 2.54896 0.256214 -0.657884 0.997427 0 0 0.0716901
0 3.04738 0.315751 -0.66491 0.997151 0 0 0.0754358
0 3.5621 0.411696 -0.666254 0.996903 0 0 0.0786378
0 4.07541 0.49783 -0.660958 0.996597 0 0 0.0824297
0 4.58046 0.596193 -0.660562 0.996242 0 0 0.0866084
0 5.10988 0.685712 -0.666423 0.996141 0 0 0.0877693
0 5.67566 0.79593 -0.640784 0.996069 0 0 0.0885792
0 6.13223 0.886557 -0.653924 0.99604 0 0 0.0889117
0 6.63155 0.963803 -0.65902 0.996446 0 0 0.0842349
0 7.15721 1.06844 -0.647648 0.997407 0 0 0.071965
0 7.65095 1.13596 -0.653287 0.998608 0 0 0.0527436
0 8.16212 1.19518 -0.647586 0.998608 0 0 0.0527434
0 8.68488 1.25512 -0.646033 0.998543 0 0 0.0539644
0 9.19977 1.29399 -0.645335 0.99923 0 0 0.0392403
0 9.71658 1.37079 -0.659672 0.999181 0 0 0.0404635
0 10.2238 1.41107 -0.654282 0.999107 0 0 0.0422472
0 10.7443 1.44394 -0.660051 0.999034 0 0 0.0439353
0 11.2823 1.50383 -0.655296 0.999012 0 0 0.0444383
0 11.8002 1.55346 -0.63943 0.999593 0 0 0.0285383
0 12.3236 1.59374 -0.639157 0.999865 0 0 0.0164041
0 12.8558 1.6098 -0.614563 0.999992 0 0 -0.00403391
0 13.3784 1.61555 -0.629915 0.999856 0 0 -0.01699
0 13.8777 1.56655 -0.614905 0.998194 0 0 -0.060069
0 14.4199 1.53264 -0.621648 0.998082 0 0 -0.0619089
0 14.9041 1.46308 -0.603509 0.996769 0 0 -0.0803214
0 15.4528 1.37683 -0.595608 0.996438 0 0 -0.08433
0 15.9694 1.31276 -0.609347 0.994739 0 0 -0.102442
0 16.4606 1.21802 -0.601904 0.991912 0 0 -0.126924
0 17.0041 1.08819 -0.59753 0.990558 0 0 -0.137094
0 17.4939 0.959138 -0.572815 0.988204 0 0 -0.153143
0 18.0005 0.765318 -0.576114 0.984899 0 0 -0.173129
0 18.4919 0.603231 -0.560785 0.983055 0 0 -0.183309
0 18.9884 0.388166 -0.567358 0.978978 0 0 -0.203964
0 19.4438 0.192833 -0.563875 0.974317 0 0 -0.225182
0 19.9024 -0.0305528 -0.562666 0.97233 0 0 -0.233613
0 20.3694 -0.263735 -0.542919 0.970089 0 0 -0.24275
0 20.8457 -0.529639 -0.554853 0.968157 0 0 -0.250343
0 21.2807 -0.805634 -0.530859 0.964719 0 0 -0.26328
0 21.7318 -1.069 -0.527563 0.960201 0 0 -0.27931
0 22.1652 -1.32232 -0.527097 0.954896 0 0 -0.29694
0 22.6081 -1.61423 -0.519016 0.949605 0 0 -0.31345
0 23.0302 -1.94785 -0.512424 0.94415 0 0 -0.329516
0 23.4293 -2.28273 -0.499679 0.930104 0 0 -0.367297
0 23.8002 -2.6137 -0.488396 0.920103 0 0 -0.391676
0 24.1754 -3.02731 -0.490053 0.914959 0 0 -0.403546
0 24.5186 -3.41475 -0.476365 0.910321 0 0 -0.413903
0 24.8497 -3.80452 -0.475549 0.906751 0 0 -0.421666
0 25.2066 -4.20508 -0.479528 0.903903 0 0 -0.427738
0 25.5155 -4.62237 -0.467677 0.890131 0 0 -0.455705
0 25.8306 -5.0846 -0.449319 0.859769 0 0 -0.510684
0 26.0885 -5.52881 -0.479088 0.817315 0 0 -0.576191
0 26.2262 -5.98617 -0.466406 0.790944 0 0 -0.611889
0 26.3848 -6.49596 -0.46575 0.779802 0 0 -0.626026
0 26.472 -6.98965 -0.459633 0.764343 0 0 -0.64481
0 26.556 -7.49944 -0.449552 0.76605 0 0 -0.642781
0 26.6683 -8.03562 -0.462009 0.754321 0 0 -0.656506
0 26.7404 -8.57456 -0.465749 0.751375 0 0 -0.659875
0 26.8244 -9.06264 -0.472947 0.752015 0 0 -0.659146
0 26.8718 -9.55999 -0.445999 0.753098 0 0 -0.657908
0 26.943 -10.0021 -0.441373 0.753104 0 0 -0.657901
0 27.0095 -10.3712 -0.456812 0.754355 0 0 -0.656466
0 27.0496 -10.913 -0.368782 0.756352 0 0 -0.654165
0 27.1385 -11.378 -0.435608 0.756208 0 0 -0.654331
0 27.2079 -11.9084 -0.424412 0.758407 0 0 -0.651782
0 27.3085 -12.4267 -0.420024 0.759933 0 0 -0.650001
0 27.384 -12.9372 -0.417487 0.761257 0 0 -0.64845
0 27.485 -13.4852 -0.425617 0.760486 0 0 -0.649355
0 27.5494 -13.9757 -0.412689 0.756746 0 0 -0.653709
0 27.6319 -14.5033 -0.422213 0.758181 0 0 -0.652045
0 27.7056 -15.0162 -0.421301 0.759832 0 0 -0.65012
0 27.7898 -15.5328 -0.416185 0.760506 0 0 -0.649331
0 27.8791 -16.0197 -0.414327 0.754074 0 0 -0.656789
0 27.9366 -16.5388 -0.423996 0.754498 0 0 -0.656302
0 28.0174 -17.053 -0.401297 0.7466 0 0 -0.665273
0 28.0807 -17.5752 -0.414961 0.747122 0 0 -0.664687
0 28.1756 -18.1065 -0.403527 0.737238 0 0 -0.675633
0 28.2028 -18.608 -0.416569 0.730645 0 0 -0.682758
0 28.2469 -19.1342 -0.410638 0.731068 0 0 -0.682305
0 28.2879 -19.6764 -0.421639 0.731784 0 0 -0.681537
0 28.3281 -20.2002 -0.413192 0.732904 0 0 -0.680332
0 28.3717 -20.6817 -0.404594 0.738767 0 0 -0.673961
0 28.4168 -21.2125 -0.422296 0.748173 0 0 -0.663504
0 28.4771 -21.7263 -0.406854 0.750947 0 0 -0.660362
0 28.5631 -22.2431 -0.404756 0.753425 0 0 -0.657533
0 28.626 -22.7621 -0.398328 0.756133 0 0 -0.654417
0 28.703 -23.2848 -0.379821 0.758504 0 0 -0.651669
0 28.7807 -23.808 -0.390099 0.761289 0 0 -0.648413
0 28.8637 -24.338 -0.366456 0.761882 0 0 -0.647715
0 28.9512 -24.837 -0.349526 0.754923 0 0 -0.655814
0 29.0177 -25.379 -0.372559 0.75617 0 0 -0.654376
0 29.0735 -25.9202 -0.375344 0.755532 0 0 -0.655112
0 29.1482 -26.3756 -0.384361 0.75654 0 0 -0.653948
0 29.206 -26.8735 -0.36326 0.757003 0 0 -0.653412
0 29.3199 -27.4111 -0.308652 0.756684 0 0 -0.653781
0 29.4107 -27.9437 -0.327218 0.758365 0 0 -0.651831
0 29.4857 -28.4478 -0.312601 0.759891 0 0 -0.65005
0 29.5844 -28.9763 -0.329048 0.760629 0 0 -0.649186
0 29.6666 -29.4907 -0.310671 0.761904 0 0 -0.64769
0 29.7545 -29.9949 -0.303081 0.762664 0 0 -0.646794
0 29.8361 -30.5181 -0.296698 0.764274 0 0 -0.644892
0 29.9436 -31.0459 -0.294605 0.765224 0 0 -0.643764
0 30.0315 -31.5622 -0.297946 0.766598 0 0 -0.642127
0 30.1207 -32.0543 -0.268037 0.767624 0 0 -0.6409
0 30.2119 -32.5734 -0.271921 0.768233 0 0 -0.64017
0 30.3088 -33.0782 -0.289427 0.759652 0 0 -0.65033
0 30.392 -33.5848 -0.265193 0.760488 0 0 -0.649353
0 30.4826 -34.1005 -0.255925 0.761058 0 0 -0.648684
0 30.5209 -34.4106 -0.2585 0.761213 0 0 -0.648502
0 30.5807 -34.7534 -0.267624 0.761128 0 0 -0.648602
0 30.6399 -35.0593 -0.265116 0.754583 0 0 -0.656205
0 30.7105 -35.5334 -0.239626 0.723221 0 0 -0.690616
0 30.7186 -36.0323 -0.236531 0.723255 0 0 -0.690581
0 30.7556 -36.5666 -0.209768 0.724525 0 0 -0.689248
0 30.7631 -36.9486 -0.216371 0.724924 0 0 -0.688829
0 30.8071 -37.4913 -0.20539 0.726437 0 0 -0.687233
0 30.8339 -37.992 -0.199077 0.728 0 0 -0.685577
0 30.8859 -38.5089 -0.208184 0.729267 0 0 -0.684229
0 30.9235 -39.0423 -0.188215 0.731678 0 0 -0.681651
0 30.9578 -39.5463 -0.169132 0.746046 0 0 -0.665894
0 31.0319 -40.0744 -0.173909 0.74875 0 0 -0.662852
0 31.1085 -40.5906 -0.152962 0.751666 0 0 -0.659544
0 31.174 -41.1245 -0.151492 0.75364 0 0 -0.657288
0 31.2407 -41.6039 -0.140974 0.756656 0 0 -0.653813
0 31.3225 -42.1125 -0.114685 0.757871 0 0 -0.652405
0 31.3921 -42.6347 -0.120702 0.760032 0 0 -0.649886
0 31.4543 -43.1567 -0.13735 0.760147 0 0 -0.649751
0 31.5515 -43.675 -0.114729 0.758719 0 0 -0.651418
0 31.6008 -44.1744 -0.105869 0.759919 0 0 -0.650017
0 31.7258 -44.6636 -0.115214 0.759922 0 0 -0.650014
0 31.7905 -45.2046 -0.0767977 0.758163 0 0 -0.652065
0 31.8539 -45.5005 -0.114854 0.750943 0 0 -0.660367
0 31.9364 -45.9767 -0.0992306 0.734348 0 0 -0.678773
0 32.0014 -46.4849 -0.0920934 0.734927 0 0 -0.678146
0 32.0605 -46.9708 -0.0784391 0.736675 0 0 -0.676247
0 32.107 -47.464 -0.0775029 0.737303 0 0 -0.675562
0 32.14 -47.7813 -0.072365 0.728578 0 0 -0.684963
0 32.1282 -48.337 -0.0444931 0.681975 0 0 -0.731375
0 32.0702 -48.8642 -0.0406052 0.628604 0 0 -0.777726
0 31.9345 -49.3627 -0.0112137 0.570429 0 0 -0.821347
0 31.7555 -49.8515 -0.00580391 0.515838 0 0 -0.856686
0 31.4898 -50.3049 -0.000906372 0.467575 0 0 -0.883954
0 31.2092 -50.6942 0.00864968 0.413306 0 0 -0.910592
0 30.8816 -51.0744 0.00455955 0.371669 0 0 -0.928365
0 30.5117 -51.4259 0.0231708 0.32622 0 0 -0.945294
0 30.1269 -51.7246 0.0173577 0.314068 0 0 -0.949401
0 29.7067 -52.0416 0.0233927 0.304866 0 0 -0.952395
0 29.2917 -52.3452 0.0372733 0.290113 0 0 -0.956992
0 28.8717 -52.6311 0.0315056 0.250672 0 0 -0.968072
0 28.4273 -52.8801 0.0291406 0.239824 0 0 -0.970816
0 27.9359 -53.1269 0.0599121 0.18898 0 0 -0.981981
0 27.4678 -53.3212 0.0584854 0.153153 0 0 -0.988202
0 27.0019 -53.4564 0.0576136 0.123877 0 0 -0.992298
0 26.5036 -53.5967 0.0641347 0.124631 0 0 -0.992203
0 26.0005 -53.7119 0.0635277 0.126388 0 0 -0.991981
0 25.5091 -53.8535 0.0670557 0.125741 0 0 -0.992063
0 24.9776 -53.9904 0.0958964 0.107908 0 0 -0.994161
0 24.4881 -54.1019 0.0698281 0.0853552 0 0 -0.996351
0 23.9797 -54.1866 0.0776521 0.0643413 0 0 -0.997928
0 23.4786 -54.2581 0.0769728 0.043775 0 0 -0.999041
0 22.9642 -54.3073 0.0806107 0.0238885 0 0 -0.999715
0 22.4398 -54.3292 0.10902 0.00430554 0 0 -0.999991
0 21.9038 -54.3351 0.0963107 0.0305071 0 0 0.999535
0 21.3787 -54.3019 0.0952884 0.0950348 0 0 0.995474
0 20.8882 -54.2014 0.058315 0.125386 0 0 0.992108
0 20.3516 -54.0659 0.0618783 0.189307 0 0 0.981918
0 19.8863 -53.8572 0.062878 0.264077 0 0 0.964502
0 19.4506 -53.5945 0.0277428 0.337161 0 0 0.941447
0 19.1444 -53.2576 0.0475528 0.499375 0 0 0.866386
0 18.8883 -52.7919 0.0594378 0.565071 0 0 0.825042
0 18.7076 -52.3156 0.0528428 0.626522 0 0 0.779404
0 18.5999 -51.8006 0.0465343 0.68457 0 0 0.728947
0 18.6031 -51.2741 0.0379773 0.731516 0 0 0.681824
0 18.6434 -50.7775 0.0350966 0.730622 0 0 0.682782
0 18.6735 -50.2706 0.027155 0.720434 0 0 0.693524
0 18.6871 -49.76 -0.00745788 0.716733 0 0 0.697348
0 18.7022 -49.2619 -0.0237499 0.712679 0 0 0.70149
0 18.6962 -48.7257 -0.0204517 0.704371 0 0 0.709832
0 18.6878 -48.2118 -0.0139836 0.701676 0 0 0.712496
0 18.6631 -47.7107 -0.0281654 0.699068 0 0 0.715055
0 18.6658 -47.193 -0.0199267 0.694006 0 0 0.71997
0 18.6305 -46.6506 -0.033747 0.690561 0 0 0.723274
0 18.6102 -46.1701 -0.0394746 0.687813 0 0 0.725888
0 18.5821 -45.6853 -0.0444489 0.683268 0 0 0.730167
0 18.5267 -45.1836 -0.0654223 0.679572 0 0 0.733609
0 18.4884 -44.6447 -0.0589856 0.664362 0 0 0.747411
0 18.4266 -44.1362 -0.0597769 0.661945 0 0 0.749552
0 18.3553 -43.6219 -0.0860733 0.658716 0 0 0.752392
0 18.2815 -43.1248 -0.0901739 0.656655 0 0 0.754191
0 18.2133 -42.5892 -0.0893566 0.652696 0 0 0.75762
0 18.1247 -42.0783 -0.109271 0.649929 0 0 0.759995
0 18.0404 -41.5627 -0.111816 0.646381 0 0 0.763015
0 17.9435 -41.0754 -0.119122 0.643504 0 0 0.765442
0 17.8601 -40.5665 -0.130278 0.640091 0 0 0.768299
0 17.7466 -40.0446 -0.11405 0.645454 0 0 0.763799
0 17.6927 -39.5395 -0.136168 0.648113 0 0 0.761544
0 17.5736 -39.0322 -0.127611 0.64778 0 0 0.761827
0 17.4978 -38.5179 -0.150224 0.646073 0 0 0.763276
0 17.3961 -38.018 -0.144744 0.645677 0 0 0.76361
0 17.3054 -37.5022 -0.166066 0.644818 0 0 0.764336
0 17.2244 -37.0048 -0.152519 0.643362 0 0 0.765562
0 17.1307 -36.48 -0.176409 0.642783 0 0 0.766048
0 17.0315 -35.974 -0.170218 0.664752 0 0 0.747064
0 16.9867 -35.4674 -0.178058 0.663788 0 0 0.747921
0 16.9149 -34.9612 -0.177388 0.662937 0 0 0.748675
0 16.8505 -34.4361 -0.186086 0.661854 0 0 0.749633
0 16.7927 -33.9096 -0.187431 0.663566 0 0 0.748118
0 16.7277 -33.3991 -0.189172 0.671451 0 0 0.741049
0 16.6754 -32.9004 -0.200256 0.677931 0 0 0.735125
0 16.6246 -32.3654 -0.191127 0.677556 0 0 0.735472
0 16.597 -31.8633 -0.20257 0.676411 0 0 0.736525
0 16.5425 -31.3627 -0.194154 0.675814 0 0 0.737072
0 16.4866 -30.8323 -0.206202 0.675216 0 0 0.73762
0 16.4301 -30.3141 -0.208823 0.674588 0 0 0.738195
0 16.3873 -29.8024 -0.211942 0.673405 0 0 0.739274
0 16.3387 -29.2884 -0.216946 0.672781 0 0 0.739842
0 16.2895 -28.7732 -0.204613 0.671817 0 0 0.740717
0 16.2411 -28.259 -0.208935 0.671251 0 0 0.74123
0 16.1952 -27.7362 -0.210313 0.670628 0 0 0.741794
0 16.1199 -27.2245 -0.212775 0.669825 0 0 0.742519
0 16.0738 -26.6892 -0.210494 0.668886 0 0 0.743365
0 16.0162 -26.1802 -0.228519 0.667599 0 0 0.744521
0 15.9528 -25.6674 -0.193137 0.667103 0 0 0.744965
0 15.8912 -25.1406 -0.218575 0.666733 0 0 0.745296
0 15.8391 -24.6279 -0.217723 0.665442 0 0 0.74645
0 15.7619 -24.1047 -0.222915 0.665373 0 0 0.746511
0 15.7016 -23.5858 -0.222817 0.664084 0 0 0.747658
0 15.6173 -23.0534 -0.226733 0.663823 0 0 0.74789
0 15.5608 -22.5412 -0.228149 0.663247 0 0 0.7484
0 15.4989 -22.0129 -0.231144 0.662868 0 0 0.748736
0 15.4211 -21.4872 -0.237811 0.661996 0 0 0.749508
0 15.371 -20.9745 -0.23764 0.66107 0 0 0.750324
0 15.2678 -20.4736 -0.218294 0.661325 0 0 0.750099
0 15.2109 -19.9533 -0.218552 0.660533 0 0 0.750797
0 15.1452 -19.4232 -0.220932 0.659153 0 0 0.752009
0 15.0757 -18.9137 -0.21568 0.658251 0 0 0.752798
0 15.0088 -18.4034 -0.205746 0.656768 0 0 0.754093
0 14.9236 -17.8762 -0.20444 0.656404 0 0 0.75441
0 14.8613 -17.3584 -0.193807 0.655886 0 0 0.75486
0 14.7772 -16.8361 -0.192611 0.65683 0 0 0.754039
0 14.7063 -16.318 -0.195459 0.66314 0 0 0.748495
0 14.6337 -15.802 -0.176179 0.66552 0 0 0.74638
0 14.5718 -15.3002 -0.187302 0.668981 0 0 0.74328
0 14.516 -14.7811 -0.163481 0.67037 0 0 0.742027
0 14.4506 -14.2436 -0.156498 0.673265 0 0 0.739402
0 14.417 -13.7317 -0.143394 0.672131 0 0 0.740432
0 14.3465 -13.2092 -0.169297 0.671599 0 0 0.740915
0 14.3233 -12.7079 -0.141046 0.658032 0 0 0.75299
0 14.2316 -12.2233 -0.135282 0.614678 0 0 0.788778
0 14.0929 -11.7202 -0.124716 0.567052 0 0 0.823682
0 13.8925 -11.208 -0.102491 0.511422 0 0 0.85933
0 13.6401 -10.7468 -0.113843 0.452664 0 0 0.891681
0 13.3482 -10.3414 -0.122739 0.392792 0 0 0.919627
0 13.0181 -9.94376 -0.0926777 0.330232 0 0 0.9439
0 12.5723 -9.64949 -0.0923263 0.266732 0 0 0.963771
0 12.1128 -9.38013 -0.109166 0.201446 0 0 0.9795
0 11.6001 -9.17357 -0.0982245 0.13447 0 0 0.990918
0 11.118 -9.02936 -0.08234 0.0689757 0 0 0.997618
0 10.6077 -8.97256 -0.101762 0.001574 0 0 0.999999
0 10.0791 -8.96886 -0.0915206 0.0624139 0 0 -0.99805
0 9.52527 -9.03036 -0.111967 0.0718527 0 0 -0.997415
0 9.0181 -9.11256 -0.109048 0.0752396 0 0 -0.997165
0 8.51227 -9.20641 -0.115711 0.0769053 0 0 -0.997038
0 7.8566 -9.30531 -0.140269 0.0791931 0 0 -0.996859
0 7.34262 -9.40574 -0.156045 0.0786646 0 0 -0.996901
0 6.82901 -9.48625 -0.16245 0.0738308 0 0 -0.997271
0 6.31673 -9.55605 -0.1506 0.0746048 0 0 -0.997213
0 5.80856 -9.64086 -0.173735 0.0762899 0 0 -0.997086
0 5.26112 -9.73832 -0.195376 0.071339 0 0 -0.997452
0 4.77504 -9.80338 -0.190029 0.0698533 0 0 -0.997557
0 4.24936 -9.8808 -0.198843 0.0653503 0 0 -0.997862
0 3.73103 -9.9548 -0.211984 0.0665271 0 0 -0.997785
0 3.22169 -10.0196 -0.207942 0.067554 0 0 -0.997716
0 2.67853 -10.102 -0.232971 0.0645572 0 0 -0.997914
0 2.13954 -10.1773 -0.220335 0.049024 0 0 -0.998798
0 1.60191 -10.2368 -0.238534 0.00857219 0 0 -0.999963
0 1.06869 -10.2141 -0.267003 0.0651649 0 0 0.997875
0 0.591903 -10.1792 -0.268291 0.142238 0 0 0.989833
0 0.0864124 -9.98937 -0.30602 0.2174 0 0 0.976083
0 -0.394321 -9.74086 -0.294785 0.293538 0 0 0.955947
0 -0.818166 -9.43036 -0.282815 0.366471 0 0 0.930429
0 -1.1923 -9.07008 -0.28599 0.437309 0 0 0.899311
0 -1.52524 -8.64357 -0.283243 0.506009 0 0 0.862528
0 -1.76346 -8.19003 -0.271847 0.571103 0 0 0.820879
0 -1.92756 -7.69709 -0.26747 0.632705 0 0 0.774393
0 -2.0324 -7.18949 -0.256456 0.689151 0 0 0.724618
0 -2.03877 -6.71251 -0.252538 0.703564 0 0 0.710632
0 -2.04101 -6.16502 -0.241376 0.702301 0 0 0.71188
0 -2.04806 -5.66481 -0.235683 0.700664 0 0 0.713491
0 -2.07745 -5.13305 -0.228396 0.700442 0 0 0.713709
0 -2.0796 -4.60747 -0.218724 0.707451 0 0 0.706763
0 -2.07362 -4.09507 -0.19056 0.716402 0 0 0.697687
0 -2.06139 -3.5358 -0.201983 0.726126 0 0 0.687562
0 -2.04425 -2.99487 -0.191317 0.736188 0 0 0.676777
0 -2.01026 -2.48461 -0.170408 0.74755 0 0 0.664206
0 -1.92115 -2.00028 -0.187027 0.782051 0 0 0.623215
0 -1.81348 -1.55948 -0.154528 0.827048 0 0 0.562131
0 -1.56536 -1.11154 -0.12678 0.866282 0 0 0.499556
0 -1.30187 -0.625519 -0.104288 0.902512 0 0 0.430665
0 -0.966698 -0.19225 -0.0658262 0.933221 0 0 0.359302
0 -0.589567 0.143238 -0.0519635 0.958097 0 0 0.286442
0 -0.155459 0.421364 -0.0533697 0.977328 0 0 0.211731
0 0.303462 0.622412 -0.026884 0.99004 0 0 0.140785
