0 -0.535873 -0.00146017 -0.649862 1 0 0 -0.000236595
0 -0.120847 0.0246902 -0.652417 1 0 0 0.000812875
0 0.342311 0.00989388 -0.648671 0.999993 0 0 0.00378639
0 0.649716 0.00887899 -0.655204 0.999869 0 0 0.0161855
0 1.01007 0.0220171 -0.660142 0.999252 0 0 0.0386607
0 1.38544 0.0577084 -0.665509 0.998545 0 0 0.0539275
0 1.73819 0.105181 -0.66351 0.99832 0 0 0.0579482
0 2.1257 0.174148 -0.674097 0.998068 0 0 0.0621235
0 2.49706 0.212725 -0.67587 0.997873 0 0 0.0651912
0 2.89927 0.284069 -0.677638 0.99763 0 0 0.0688057
0 3.29844 0.336178 -0.674176 0.99756 0 0 0.0698139
0 3.66687 0.395244 -0.67483 0.997721 0 0 0.0674786
0 4.08764 0.460508 -0.684328 0.998271 0 0 0.058783
0 4.45439 0.493844 -0.698574 0.998538 0 0 0.054046
0 4.83369 0.545896 -0.694971 0.998542 0 0 0.0539886
0 5.25141 0.599751 -0.695998 0.998478 0 0 0.0551605
0 5.60767 0.626137 -0.697252 0.99847 0 0 0.0552915
0 6.0259 0.689854 -0.697945 0.998407 0 0 0.0564188
0 6.45995 0.746181 -0.69776 0.998333 0 0 0.0577099
0 6.88772 0.803475 -0.695628 0.998304 0 0 0.0582239
0 7.32296 0.847143 -0.690408 0.998213 0 0 0.0597586
0 7.76839 0.928689 -0.704197 0.998186 0 0 0.0602031
0 8.17885 0.97814 -0.696855 0.998106 0 0 0.061525
0 8.60709 1.02326 -0.689625 0.998075 0 0 0.0620128
0 9.08156 1.08991 -0.697667 0.997991 0 0 0.0633617
0 9.54424 1.16026 -0.690102 0.997938 0 0 0.0641784
0 9.97812 1.21348 -0.691162 0.997888 0 0 0.0649522
0 10.4205 1.26014 -0.689213 0.997718 0 0 0.067518
0 10.8837 1.33285 -0.692182 0.997288 0 0 0.0735967
0 11.3263 1.37288 -0.683052 0.996718 0 0 0.0809535
0 11.7861 1.46793 -0.68215 0.996426 0 0 0.0844738
0 12.2394 1.55835 -0.667724 0.996059 0 0 0.0886892
0 12.6877 1.61736 -0.666789 0.995778 0 0 0.0917996
0 13.1564 1.72654 -0.672022 0.99546 0 0 0.0951832
0 13.6188 1.80132 -0.662111 0.995086 0 0 0.0990156
0 14.0551 1.91592 -0.670955 0.994738 0 0 0.102448
0 14.5382 2.04557 -0.653306 0.994259 0 0 0.106997
0 14.9901 2.1239 -0.653413 0.993903 0 0 0.110258
0 15.4429 2.26981 -0.664466 0.993529 0 0 0.113579
0 15.8051 2.33414 -0.651645 0.993228 0 0 0.116179
0 16.631 2.46673 -0.575072 0.992583 0 0 0.121572
0 17.0959 2.62747 -0.589973 0.992397 0 0 0.123081
0 17.5566 2.77088 -0.664682 0.991944 0 0 0.12668
0 18.2425 2.96183 -0.615293 0.991421 0 0 0.130708
0 18.6386 3.06842 -0.648292 0.991116 0 0 0.133
0 19.104 3.18076 -0.601641 0.990774 0 0 0.135524
0 19.5559 3.34212 -0.586093 0.990445 0 0 0.137906
0 20.1633 3.51662 -0.597888 0.990849 0 0 0.134973
0 20.6086 3.66093 -0.578441 0.991445 0 0 0.130524
0 21.1862 3.79953 -0.599774 0.992394 0 0 0.123099
0 21.6403 3.92798 -0.580842 0.992643 0 0 0.121082
0 22.0595 4.01174 -0.580142 0.992598 0 0 0.121444
0 22.4831 4.11703 -0.578604 0.992467 0 0 0.122516
0 22.9182 4.22694 -0.571738 0.992674 0 0 0.12082
0 23.3532 4.33441 -0.569295 0.993392 0 0 0.114773
0 23.8242 4.45211 -0.543823 0.994015 0 0 0.10924
0 24.258 4.55255 -0.568995 0.994262 0 0 0.106969
0 24.7146 4.68424 -0.564803 0.994169 0 0 0.107835
0 25.1504 4.78327 -0.562817 0.994122 0 0 0.10827
0 25.6142 4.8999 -0.546467 0.993948 0 0 0.109853
0 26.0746 4.97083 -0.524076 0.993816 0 0 0.11104
0 26.5248 5.09039 -0.524655 0.993785 0 0 0.111313
0 26.9833 5.19158 -0.509292 0.99364 0 0 0.112599
0 27.4242 5.30292 -0.492575 0.993566 0 0 0.113254
0 27.885 5.41332 -0.493559 0.993453 0 0 0.114246
0 28.3301 5.48939 -0.470015 0.993151 0 0 0.116839
0 28.7791 5.61308 -0.473719 0.992739 0 0 0.120285
0 29.4324 5.79121 -0.453323 0.992158 0 0 0.12499
0 30.1062 5.93892 -0.436066 0.991515 0 0 0.129992
0 30.5791 6.10328 -0.433821 0.99104 0 0 0.133567
0 31.0448 6.20329 -0.416073 0.990601 0 0 0.136784
0 31.487 6.36262 -0.386607 0.991063 0 0 0.133398
0 31.9622 6.44798 -0.369149 0.99164 0 0 0.129038
0 32.4141 6.63139 -0.383969 0.992339 0 0 0.123549
0 32.8733 6.73969 -0.37189 0.992282 0 0 0.124003
0 33.3055 6.84871 -0.357779 0.992237 0 0 0.12436
0 33.997 7.0533 -0.340828 0.992108 0 0 0.125384
0 34.4408 7.15976 -0.330945 0.992093 0 0 0.125509
0 34.9173 7.2782 -0.31175 0.992222 0 0 0.124482
0 35.3516 7.39239 -0.306752 0.992723 0 0 0.120419
0 35.8152 7.51032 -0.293964 0.993263 0 0 0.115879
0 36.2748 7.62529 -0.288471 0.993425 0 0 0.114487
0 36.6933 7.6701 -0.274821 0.993397 0 0 0.114724
0 37.154 7.78221 -0.28147 0.992678 0 0 0.120787
0 37.6476 7.95523 -0.225106 0.992333 0 0 0.123595
0 38.0404 8.03344 -0.197453 0.991988 0 0 0.12633
0 38.5268 8.13083 -0.189082 0.991343 0 0 0.131299
0 38.9503 8.24089 -0.177744 0.990824 0 0 0.13516
0 39.4251 8.45112 -0.157532 0.990043 0 0 0.140764
0 40.1141 8.6175 -0.157198 0.985571 0 0 0.169264
0 40.5272 8.78465 -0.141236 0.981583 0 0 0.191036
0 40.9477 8.9671 -0.129307 0.978272 0 0 0.207326
0 41.3679 9.15904 -0.111561 0.976407 0 0 0.215939
0 41.7781 9.34561 -0.101726 0.975665 0 0 0.219265
0 42.1831 9.56896 -0.081016 0.973388 0 0 0.229164
0 42.6065 9.73007 -0.0645553 0.969168 0 0 0.246402
0 43.0044 9.99623 -0.0524138 0.96678 0 0 0.255608
0 43.4099 10.22 -0.0272485 0.965553 0 0 0.260208
0 43.8388 10.4687 -0.00733527 0.964522 0 0 0.264002
0 44.2196 10.71 0.0114428 0.963354 0 0 0.268234
0 44.6526 10.9867 0.0246386 0.962472 0 0 0.27138
0 45.0894 11.2322 0.0554907 0.961233 0 0 0.275736
0 45.5267 11.5068 0.0717321 0.960129 0 0 0.279558
0 45.9692 11.8107 0.103219 0.958987 0 0 0.28345
0 46.4151 12.1128 0.146488 0.957749 0 0 0.287604
0 46.8124 12.3872 0.130259 0.956682 0 0 0.291134
0 47.2645 12.6721 0.183304 0.955467 0 0 0.295097
0 47.6988 12.9611 0.206269 0.954181 0 0 0.299231
0 48.1297 13.2665 0.237883 0.953222 0 0 0.302272
0 48.5532 13.5749 0.243069 0.951731 0 0 0.306933
0 48.9981 13.8863 0.282988 0.951239 0 0 0.308455
0 49.4096 14.195 0.307299 0.953456 0 0 0.301533
0 49.8218 14.5069 0.324761 0.95632 0 0 0.292321
0 50.281 14.8002 0.360393 0.957373 0 0 0.288853
0 50.7447 15.1317 0.373027 0.957429 0 0 0.28867
0 51.3638 15.5543 0.40918 0.958728 0 0 0.284325
0 51.8129 15.8612 0.428449 0.959067 0 0 0.28318
0 52.2907 16.1265 0.447427 0.959343 0 0 0.282244
0 52.8925 16.4932 0.48186 0.958242 0 0 0.285957
0 53.3177 16.8187 0.523175 0.95828 0 0 0.28583
0 53.7636 17.1344 0.548962 0.957895 0 0 0.287117
0 54.1905 17.4324 0.585235 0.95754 0 0 0.288301
0 54.6134 17.6995 0.604738 0.955754 0 0 0.294166
0 54.9846 17.9084 0.627888 0.928572 0 0 0.371151
0 55.3179 18.2527 0.646943 0.863247 0 0 0.504782
0 55.6099 18.9404 0.683506 0.728409 0 0 0.685142
0 55.6041 19.4422 0.700138 0.670888 0 0 0.741559
0 55.5977 19.9203 0.719684 0.611279 0 0 0.791415
0 55.3875 20.7051 0.729389 0.502837 0 0 0.864381
0 55.01 21.3392 0.766283 0.404297 0 0 0.914628
0 54.4982 21.8205 0.77149 0.303716 0 0 0.952763
0 54.0939 22.0474 0.738488 0.231783 0 0 0.972768
0 53.683 22.2358 0.736282 0.160054 0 0 0.987108
0 53.2638 22.375 0.720929 0.0857109 0 0 0.99632
0 52.5651 22.5049 0.731099 0.0307625 0 0 -0.999527
0 52.038 22.4312 0.710758 0.106974 0 0 -0.994262
0 51.5493 22.2779 0.674089 0.162351 0 0 -0.986733
0 50.926 22.072 0.668037 0.176995 0 0 -0.984212
0 50.2849 21.8395 0.62395 0.182547 0 0 -0.983197
0 49.8142 21.6399 0.599366 0.185716 0 0 -0.982603
0 49.2177 21.4034 0.545192 0.190303 0 0 -0.981725
0 48.5319 21.1386 0.550538 0.19589 0 0 -0.980626
0 47.9098 20.8798 0.527621 0.201795 0 0 -0.979428
0 47.4731 20.7056 0.516638 0.221169 0 0 -0.975236
0 47.0367 20.5019 0.511816 0.240462 0 0 -0.970659
0 46.4216 20.1636 0.448519 0.254734 0 0 -0.967011
0 46.0305 19.9104 0.414735 0.261274 0 0 -0.965265
0 45.6202 19.6662 0.406742 0.268224 0 0 -0.963357
0 45.1912 19.4318 0.402341 0.276036 0 0 -0.961147
0 44.816 19.1794 0.366632 0.290775 0 0 -0.956792
0 44.4153 18.9216 0.363731 0.306122 0 0 -0.951992
0 44.0149 18.6261 0.328547 0.32135 0 0 -0.94696
0 43.63 18.3599 0.310856 0.328836 0 0 -0.944387
0 43.0955 17.8929 0.261913 0.333902 0 0 -0.942608
0 42.7085 17.5942 0.234632 0.330127 0 0 -0.943936
0 42.377 17.305 0.206385 0.316817 0 0 -0.948487
0 42.0104 17.0466 0.176683 0.296776 0 0 -0.954947
0 41.6282 16.7709 0.149509 0.268974 0 0 -0.963148
0 41.2555 16.5499 0.144912 0.233407 0 0 -0.972379
0 40.8356 16.327 0.111823 0.196501 0 0 -0.980504
0 40.1899 16.0592 0.105166 0.140481 0 0 -0.990083
0 39.5303 15.8979 0.0681631 0.0840257 0 0 -0.996464
0 39.1044 15.8494 0.087903 0.0538741 0 0 -0.998548
0 38.4502 15.7984 0.0550134 0.0547788 0 0 -0.998499
0 37.8254 15.7737 0.0620568 0.11877 0 0 -0.992922
0 37.363 15.6042 0.0322559 0.177305 0 0 -0.984156
0 36.7673 15.3535 0.0215503 0.268064 0 0 -0.963401
0 36.1957 14.9993 0.00908688 0.354901 0 0 -0.934904
0 35.685 14.5865 -0.0145167 0.420347 0 0 -0.907363
0 35.3807 14.1847 -0.0350685 0.454457 0 0 -0.890769
0 35.0155 13.6385 -0.0903923 0.466386 0 0 -0.884581
0 34.7558 13.1915 -0.119933 0.451369 0 0 -0.892337
0 34.3134 12.5916 -0.16904 0.398496 0 0 -0.91717
0 33.9966 12.2539 -0.202547 0.351929 0 0 -0.936027
0 33.5906 11.9344 -0.226878 0.302679 0 0 -0.953093
0 33.0394 11.5873 -0.251297 0.232248 0 0 -0.972657
0 32.6691 11.4323 -0.251648 0.210383 0 0 -0.977619
0 32.0811 11.1093 -0.268404 0.189083 0 0 -0.981961
0 31.6721 10.9298 -0.295505 0.171467 0 0 -0.98519
0 30.9824 10.7327 -0.319935 0.121337 0 0 -0.992611
0 30.3169 10.5765 -0.324247 0.104418 0 0 -0.994534
0 29.7291 10.4408 -0.336049 0.106147 0 0 -0.99435
0 29.0973 10.2907 -0.354948 0.108421 0 0 -0.994105
0 28.7004 10.2073 -0.346817 0.110525 0 0 -0.993873
0 28.0348 10.02 -0.375946 0.111722 0 0 -0.99374
0 27.6055 9.93768 -0.360894 0.113726 0 0 -0.993512
0 26.9189 9.77967 -0.381063 0.105095 0 0 -0.994462
0 26.2526 9.63484 -0.389208 0.0888487 0 0 -0.996045
0 25.798 9.55972 -0.396889 0.0871072 0 0 -0.996199
0 25.3215 9.45331 -0.396065 0.0880699 0 0 -0.996114
0 24.6573 9.32007 -0.420917 0.0846106 0 0 -0.996414
0 24.1938 9.2572 -0.435391 0.0733013 0 0 -0.99731
0 23.7363 9.1882 -0.41823 0.0642723 0 0 -0.997932
0 23.2469 9.14504 -0.433474 0.063653 0 0 -0.997972
0 22.7957 9.05601 -0.442754 0.0670057 0 0 -0.997753
0 22.1149 8.95835 -0.445209 0.0721178 0 0 -0.997396
0 21.673 8.91655 -0.454226 0.0766529 0 0 -0.997058
0 20.9436 8.79684 -0.456709 0.0819213 0 0 -0.996639
0 20.5307 8.74768 -0.460947 0.0852202 0 0 -0.996362
0 20.0183 8.611 -0.473549 0.0853581 0 0 -0.99635
0 19.5188 8.49372 -0.443605 0.0752137 0 0 -0.997167
0 19.0649 8.47481 -0.490265 0.0620013 0 0 -0.998076
0 18.5435 8.35629 -0.464586 0.0515347 0 0 -0.998671
0 17.8715 8.3246 -0.486892 0.0458577 0 0 -0.998948
0 17.4015 8.243 -0.476781 0.0463248 0 0 -0.998926
0 16.9889 8.22681 -0.449049 0.0487527 0 0 -0.998811
0 16.2794 8.12862 -0.475197 0.0498102 0 0 -0.998759
0 15.6813 8.12423 -0.444484 0.0546027 0 0 -0.998508
0 15.1771 8.07122 -0.489977 0.0579688 0 0 -0.998318
0 14.7446 7.98517 -0.483089 0.0602692 0 0 -0.998182
0 14.3006 7.94019 -0.486976 0.0635808 0 0 -0.997977
0 13.8302 7.86657 -0.487281 0.0663957 0 0 -0.997793
0 13.1561 7.77627 -0.505209 0.0715433 0 0 -0.997437
0 12.6885 7.70445 -0.497491 0.0744012 0 0 -0.997228
0 12.2375 7.6427 -0.507191 0.0777379 0 0 -0.996974
0 11.7514 7.56081 -0.520478 0.080275 0 0 -0.996773
0 11.2547 7.47539 -0.51266 0.0790126 0 0 -0.996874
0 10.7471 7.38185 -0.511868 0.0760495 0 0 -0.997104
0 10.2605 7.30907 -0.519606 0.0708704 0 0 -0.997486
0 9.76841 7.21632 -0.512378 0.063481 0 0 -0.997983
0 9.26071 7.15564 -0.517571 0.0576443 0 0 -0.998337
0 8.75788 7.09129 -0.518859 0.0503595 0 0 -0.998731
0 8.27092 7.06782 -0.519246 0.0484722 0 0 -0.998825
0 7.74776 7.00681 -0.527681 0.0487588 0 0 -0.998811
0 7.22378 6.9465 -0.524711 0.0497926 0 0 -0.99876
0 6.69662 6.87984 -0.527534 0.0506583 0 0 -0.998716
0 6.21143 6.83485 -0.52343 0.05225 0 0 -0.998634
0 5.69292 6.77521 -0.521544 0.0524734 0 0 -0.998622
0 5.18731 6.73322 -0.526497 0.0539949 0 0 -0.998541
0 4.70553 6.68008 -0.526901 0.0552094 0 0 -0.998475
0 4.20037 6.6129 -0.536003 0.0565296 0 0 -0.998401
0 3.68944 6.54834 -0.538502 0.0574634 0 0 -0.998348
0 3.18674 6.4825 -0.541864 0.059078 0 0 -0.998253
0 2.68669 6.41319 -0.54078 0.0594802 0 0 -0.998229
0 2.17721 6.36006 -0.546123 0.0615613 0 0 -0.998103
0 1.70043 6.30158 -0.539293 0.0620656 0 0 -0.998072
0 1.22129 6.24432 -0.558409 0.0634915 0 0 -0.997982
0 0.740907 6.17445 -0.554205 0.0642357 0 0 -0.997935
0 0.268885 6.11259 -0.541403 0.0659287 0 0 -0.997824
0 -0.193078 6.04252 -0.570627 0.0668827 0 0 -0.997761
0 -0.633109 5.97433 -0.555544 0.0672123 0 0 -0.997739
0 -0.980651 5.94758 -0.564942 0.0772011 0 0 -0.997016
0 -1.31543 5.89276 -0.550962 0.0956888 0 0 -0.995411
0 -1.68257 5.81144 -0.560642 0.108839 0 0 -0.994059
0 -2.02759 5.72462 -0.572774 0.112966 0 0 -0.993599
0 -2.38005 5.64711 -0.568584 0.115993 0 0 -0.99325
0 -2.70748 5.56765 -0.575059 0.11729 0 0 -0.993098
